96
38
100
12
46
36
38
34
42
82
2
91
1
24
24
24
6
5
4
20
32
67
44
62
39
44
23
34
31
63
53
62
81
93
57
5
56
32
96
34
92
41
52
82
64
40
69
42
46
74
61
23
92
63
65
77
10
37
4
41
51
87
76
96
54
84
16
51
43
10
44
49
15
7
72
91
84
56
64
77
18
27
71
28
89
36
59
12
72
9
42
22
47
39
58
31
60
70
54
40
36
93
78
56
42
52
68
7
98
26
40
61
42
49
40
91
67
70
77
97
49
31
75
7
52
77
19
83
88
17
29
65
29
25
40
91
62
79
17
23
13
63
63
41
57
61
81
8
22
81
14
86
94
91
9
0
29
73
98
13
53
36
62
45
20
45
52
17
25
4
56
79
84
80
1
81
62
45
89
57
33
3
41
23
94
68
40
75
35
5
75
6
21
9
96
81
46
54
86
32
71
8
91
13
6
97
91
25
77
85
59
2
81
56
37
12
22
72
39
73
90
15
42
88
16
5
83
18
6
96
44
43
27
21
50
26
96
94
73
48
55
17
43
82
52
64
36
22
33
26
45
7
27
79
10
73
71
31
29
44
57
84
75
7
47
51
31
2
3
76
21
7
19
79
53
52
39
45
95
94
39
29
63
75
53
49
29
12
86
79
19
95
48
13
37
86
29
28
82
95


