30
72
544
56
80
70
72
78
86
26
6
35
5
68
68
68
0
9
8
64
76
01
88
06
73
88
67
78
75
07
97
06
25
37
91
9
90
76
30
78
36
85
96
26
08
84
03
86
80
18
05
67
36
07
09
11
54
71
8
85
95
21
10
30
98
28
50
95
87
54
88
83
59
1
16
35
28
90
08
11
52
61
15
62
23
70
93
56
16
3
86
66
81
73
92
75
04
14
98
84
70
37
12
90
86
96
02
1
32
60
84
05
86
83
84
35
01
14
11
31
83
75
19
1
96
11
53
27
22
51
63
09
63
69
84
35
06
13
51
67
57
07
07
85
91
05
25
2
66
25
58
20
38
35
3
4
63
17
32
57
97
70
06
89
64
89
96
51
69
8
90
13
28
24
5
25
06
89
23
91
77
7
85
67
38
02
84
19
79
9
19
0
65
3
30
25
80
98
20
76
15
2
35
57
0
31
35
69
11
29
93
6
25
90
71
56
66
16
73
17
34
59
86
22
50
9
27
52
0
30
88
87
61
65
94
60
30
38
17
82
99
51
87
26
96
08
70
66
77
60
89
1
61
13
54
17
15
75
63
88
91
28
19
1
81
95
75
6
7
10
65
1
53
13
97
96
73
89
39
38
73
63
07
19
97
83
63
56
20
13
53
39
82
57
71
20
63
62
26
39

